% -------------------------------------------------------------------
%  Generated by MATLAB on 1-Nov-2021 21:11:19
%  MATLAB version: 9.4.0.813654 (R2018a)
% -------------------------------------------------------------------
                                 

a = -0.23809523809523808;

b = 16.718507624410549;

c = 39 + 2i;

d = -0.14754098360655735 + 0.62295081967213117i;

e = -5 + 12i;

f = 1.5811388300841898 + 1.5811388300841895i;

